hw5_tickers


127.874954
129.455948
125.098282
129.367035
130.483627
127.450035
127.272171
129.337387
127.380867
125.631866
126.31369
130.463882
135.246475
137.420364
141.224686
141.461838
140.374878
135.463852
130.394699
132.548843
133.388779
132.351212
135.760269
135.339706
135.488129
134.597458
133.983917
133.726624
133.964111
131.806763
129.481186
128.362915
128.52124
124.691437
124.552895
124.048195
119.733482
120.000664
126.462845
123.820587
120.792351
118.882401
120.159004
115.151558
119.832428
118.733963
120.693398
119.773056
122.702309
124.265907
123.464333
119.278244
118.743843
122.108543
121.267387
118.842819
119.337624
119.951195
120.129318
118.6548
120.881432
121.722595
124.592491
124.899254
126.571709
129.006149
131.618729
129.877014
133.03389
130.658813
133.10318
132.766708
133.439636
131.7276
132.113556
130.569763
132.925018
133.320862
132.994308
132.192734
132.093765
130.094727
131.163498
126.522224
126.769638
128.392609
129.076614
125.745834
124.814041
121.701355
123.88221
126.340622
125.170898
123.763252
123.604652
126.201836
124.338196
125.993668
125.795403
125.745834
124.189507
123.525337
123.198204
123.971428
122.464653
124.794197
124.804108
125.636803
126.023399
125.012283
126.241478
129.344238
128.511551
129.017105
130.642838
129.324417
131.148407
132.813766
132.536209
132.248749
131.951355
133.606827
135.143341
135.767838
136.07515
138.74173
140.783783
143.311615
141.993195
143.846924
143.242188
144.372284
147.851715
147.187561
145.115753
141.210022
144.877853
144.134354
145.522186
147.266861
147.69313
145.492462
143.718002
144.372284
144.590347
144.253342
146.077316
145.670883
145.779938
145.084991
145.035339
144.548874
144.806992
147.815125
148.023636
150.029037
149.105759
145.303406
145.64093
147.120178
148.629211
148.539856
147.28894
146.474884
147.527222
152.014587
150.733917
151.408997
152.540771
153.186066
155.558823
153.990234
152.957748
147.894577
148.470367
147.050674
147.954117
147.715851
145.005554
141.908081
142.394531
144.797073
145.77002
145.859344
144.320526
140.885529
141.798889
140.478485
141.620178
138.135513
140.091293
140.974869
142.255569
141.868362
141.779007
140.488403
139.892746
142.722168
143.794357
145.492035
147.686066
148.182434
148.400864
147.616577
147.566925
148.24205
147.775436
151.468567
148.718567
147.884644
148.936966
150.396378
149.870193
150.407059
149.571915
149.939758
147.066467
147.016739
149.124527
149.13446
150.128677
152.604324
156.95903
159.623566
160.090866
160.478638
161.005554
155.905167
159.315369
164.346176
163.819229
162.815063
160.906143
164.366058
170.192245
174.069733
173.552734
178.41452
174.725937
173.324066
178.265396
171.265991
170.152466
168.770493
171.991791
174.626495
175.262802
179.289459
178.255432
178.344925
177.171738
176.54538
485.339996
485.690002
466.309998
477.73999
485.100006
474.23999
471.649994
472.049988
463.269989
458.079987
456.5
469.730011
472.019989
472.440002
473.440002
476.279999
460
465.670013
458.769989
470
484.929993
481.920013
489.380005
492.119995
493.76001
496.049988
492.670013
496.619995
498.839996
501.640015
491.230011
488.369995
479.119995
467.329987
467.799988
476.619995
459.160004
459.670013
469.570007
466.589996
448.450012
439.059998
440.829987
421.200012
439.179993
437.01001
451.059998
444.299988
447.589996
450.540009
451.01001
439.179993
441.5
452.410004
460.200012
451.51001
450.98999
469.089996
469.320007
465.459991
475.369995
483.339996
491.619995
491.339996
493.410004
499.839996
504.040009
506.029999
514.859985
510.630005
523.25
525.080017
516.169983
514.210022
512.340027
507.290009
515.840027
515.700012
517.320007
515.47998
516.090027
508.339996
503.459991
490.700012
486.690002
483.609985
488.730011
479.380005
485.190002
472.089996
474.160004
486.559998
482.73999
480.619995
480.470001
491.670013
488.070007
497.829987
505.079987
506.980011
498.279999
504.579987
495.910004
495.769989
493.140015
504.5
509.470001
509.200012
514.679993
535.52002
541.26001
556.950012
548.460022
543.330017
551.359985
565.590027
567.349976
575.73999
574.22998
578.26001
579.659973
588.799988
590.75
585.640015
584.72998
593.070007
596.900024
605.77002
605.950012
604.5
600.200012
605.01001
608.830017
606.169983
606.099976
602.049988
608.719971
612.26001
623.679993
625.869995
620.799988
618.280029
620.919983
621.700012
621.630005
618.75
621.280029
625.679993
632.080017
631.380005
629.219971
621.73999
626.030029
634.349976
637.309998
636.940002
635.01001
626.77002
637.659973
647.340027
656.859985
657.23999
656.799988
652.390015
658.52002
665.98999
663.700012
665.890015
664.640015
666.590027
661.390015
663.219971
661.679993
658.940002
645.150024
645.01001
661.080017
665.109985
654.47998
641.289978
645.890015
626.080017
630.840027
622.710022
603.650024
578.77002
577.700012
575.719971
577.469971
558.48999
566.700012
570.309998
578.960022
576.859985
573.070007
580.690002
591.119995
607.51001
610.090027
622.830017
636.070007
632.369995
638.659973
643.580017
646.969971
642.5
640.080017
639.280029
650.359985
640.200012
640.400024
655.179993
674.080017
662.719971
666.02002
667.919983
647.5
643.169983
657.599976
659.72998
671.030029
670.669983
670.960022
688.369995
673.570007
665.159973
668.320007
662.099976
687.48999
669.849976
657.409973
671.880005
616.530029
622.039978
649.960022
653.099976
632.570007
654.450012
658.299988
614.859985
630.330017
566.090027
556.640015
549.77002
557.52002
563.97998
569.619995
577.679993
569.359985
569.289978
570.530029
567.059998
92.300003
92.769997
90.330002
95.160004
94.580002
97.25
95.360001
91.779999
90.790001
88.209999
89.449997
88.75
91.529999
92.790001
94.129997
94.709999
88.839996
87.519997
85.639999
87.660004
88.860001
87.889999
87.839996
87.900002
91.470001
90.910004
92.349998
92.660004
93.769997
91.459999
89.940002
88.639999
89.580002
85.370003
84.739998
86.940002
82.419998
84.510002
86.389999
84.129997
80.860001
77.75
78.519997
73.959999
78.529999
77.519997
81.230003
81.050003
82.5
82.75
82.629997
78.120003
79.059998
80.300003
78.379997
76.480003
76.220001
77.410004
77.139999
76
78.5
81.089996
81.43
81.440002
82.199997
83.349998
82.760002
78.580002
80.190002
78.550003
83.010002
82.150002
81.110001
79.269997
81.610001
79.059998
82.760002
85.410004
85.209999
84.019997
83.910004
81.620003
78.550003
78.610001
77.830002
77.889999
78.809998
75.989998
76.830002
74.639999
73.089996
74.589996
74.650002
74.440002
76.230003
78.059998
77.169998
77.440002
77.860001
78.339996
78.419998
80.080002
80.809998
81.970001
80.279999
81.580002
81.349998
80.889999
79.959999
81.559998
81.309998
81.550003
80.470001
80.110001
84.559998
84.650002
82.589996
83.580002
83.82
86.099998
85.620003
87.080002
89.519997
93.93
93.309998
94.699997
94.470001
90.540001
89.739998
90.900002
90.809998
90.260002
89.050003
86.93
85.889999
86.580002
87.110001
89.410004
91.209999
92.150002
91.82
91.029999
97.93
102.949997
106.190002
108.629997
112.559998
118.769997
112.349998
110.110001
107.580002
106.480003
107.68
106.5
110.550003
107.480003
107.559998
103.440002
103.699997
104.650002
108.769997
107.650002
108.300003
107.269997
111.400002
111.32
110.720001
109.989998
109.199997
109.919998
109.150002
106.169998
106.150002
105.199997
104.800003
105.730003
105.599998
106.220001
103.879997
101.550003
102.82
104.379997
106.150002
105.800003
108.160004
101.519997
100.349998
102.900002
102.449997
100.339996
101.809998
103.639999
106.449997
105.059998
104.68
105.040001
109.160004
111.989998
112.120003
116.43
116.330002
116.389999
119.330002
119.82
122.360001
122.93
122.279999
121.160004
120.230003
125.230003
127.629997
130.529999
137.5
136.339996
150.160004
148.919998
139.869995
146.009995
147.889999
146.490005
152.449997
151.339996
155.020004
155.410004
152.520004
149.919998
157.800003
154.809998
161.910004
158.369995
149.110001
150.679993
144.009995
139.059998
144.850006
145.240005
138.100006
138.550003
133.800003
135.600006
146.5
138.639999
137.75
135.800003
144.25
143.880005
146.139999
154.360001
153.149994
148.259995
145.149994
143.899994
139.190002
144.429993
140.009995
152.770004
156.089996
167
191.990005
198
207.240005
187.149994
198.75
189.460007
190.889999
192
191.809998
198.220001
193.070007
183.800003
193.270004
191.169998
182.529999
180.580002
189.330002
181.229996
177.429993
187.75
215.160004
213.259995
202.970001
212.169998
197.869995
200.059998
205.970001
178.070007
173.5
176.320007
166.869995
169.490005
168.889999
160.589996
148.25
150
151.479996
133.410004
141.479996
135.770004
144.970001
142.029999
140.690002
133.660004
133.800003
130.619995
135.029999
135.910004
131.759995
125.529999
131.75
134.009995
129.979996
130.600006
131.130005
133.139999
133.550003
131.089996
127.5
128.139999
140.5
147.830002
149.460007
143.649994
151.5
149.490005
146.669998
144.350006
143.320007
143.960007
152.75
153.800003
162.130005
162.449997
150.110001
143.169998
140.470001
135.220001
128.389999
122.769997
124.889999
120.449997
124.540001
112.989998
115.489998
141.070007
133.789993
138.559998
140.199997
137
137.570007
140.460007
136.270004
141.860001
152.820007
150.279999
149.270004
149.830002
139.110001
143.800003
142.5
136.759995
136.979996
144.850006
154.160004
158.830002
158.649994
161.460007
164.520004
167.330002
173.210007
178.979996
174.029999
175.300003
176.720001
175.600006
183.910004
178.330002
180.589996
182.910004
182.770004
185.149994
178.559998
180.229996
177.179993
176.490005
169.330002
167.330002
167.360001
175.5
177.559998
179.020004
182.779999
188.600006
184.089996
179.990005
186.850006
178.059998
174.289993
177.630005
177.130005
178.520004
181.330002
181.559998
183.149994
190.160004
190.559998
188.210007
194.789993
187.669998
185.880005
191.630005
182.059998
184.080002
183.080002
187.449997
188.25
191
187.940002
192.699997
191.399994
191.800003
191.720001
193.460007
197.119995
200.919998
207.740005
210.369995
208.639999
203.330002
209.850006
221.5
222.910004
220.320007
221.360001
217.660004
217
220.520004
216.729996
206.320007
205.830002
205.979996
203.990005
197.679993
199.5
205.259995
204.919998
204.419998
195.300003
199
205.419998
212.429993
214.070007
215.369995
213.330002
215.679993
218.820007
213.830002
216.330002
212.929993
198.949997
196
194.800003
197.940002
199.190002
206.020004
207.440002
198.679993
193.149994
192.009995
214.240005
227.419998
245.970001
242.720001
234.649994
229.460007
228.809998
215.25
201.460007
184.309998
184.929993
187.919998
183.009995
178.770004
161.619995
166.119995
157.710007
161.539993
163.460007
168.929993
164.860001
158
155.25
156.429993
156.240005
144.440002
148.809998
148.070007
151.610001
149.240005
153.679993
156.039993
153.559998
150.110001
152.380005
148.899994
4.3125
4.3425
4.59
4.52
4.4225
4.985
4.9875
7.85
9.9775
8.875
9.84
9.78
10.7575
16.252501
19.1975
36.994999
86.877502
48.400002
81.25
56.25
22.5
23.102501
13.375
15.9425
15
12.5775
12.8
12.775
13.1
12.3775
11.485
10.1725
10.1475
11.5
11.2425
22.9275
27.182501
25.434999
30.1
29.545
31.045
33.087502
34.435001
48.625
61.724998
66.25
65
66.125
55.035
52.0425
52.452499
50.4375
50.067501
48.622501
45.4375
30.084999
45.9375
45.25
45.325001
48.615002
47.455002
47.862499
46.737499
46.125
44.4925
42.564999
39.59
35.272499
35.247501
41.6325
39.110001
38.672501
41.092499
39.6325
39.627499
37.7925
37.794998
42.232498
44.442501
44.645
44.047501
43.397499
40.549999
40.182499
39.869999
40.252499
40.2775
35.805
36.73
36.197498
41.125
39.98
45.150002
45.1675
42.2075
42.622501
44.197498
45.002499
52.357498
60.639999
63.532501
55.5
62.255001
70.559998
64.544998
62.09
70.002502
75
75.639999
55.0975
58.334999
57.360001
55.625
55.7425
55.897499
53.455002
50.092499
55.099998
54.834999
53.077499
52.377499
53.3125
52.720001
53.535
51.09
50.7075
49.889999
47.665001
47.845001
47.807499
47.3125
45.014999
41.904999
41.705002
42.259998
43.372501
47.794998
46.452499
44.712502
45.09
45.985001
44.634998
42.279999
41.215
40.279999
39.412498
38.1875
36.700001
38.360001
37.942501
40.282501
39.762501
39.695
40.587502
40.630001
40.982498
40.887501
39.262501
38.224998
39.825001
41.2225
52.572498
49.912498
51.305
51.237499
52.299999
54.560001
53.2425
53.380001
50.6875
49.75
49.700001
49.794998
47.602501
50.849998
49.810001
51.130001
51.592499
51.2425
48.049999
47.487499
47.535
47.810001
46.290001
47.369999
44.650002
43.98
43.8675
44.227501
42.84
43.044998
42.767502
43.029999
43.169998
44.525002
43.955002
46.014999
45.9575
45.82
46.505001
46.697498
46.130001
45.427502
42.450001
43.4925
44.459999
43.377499
45.712502
45.877499
50.022499
51.747501
54.5825
54.459999
53.3125
54.66
51.650002
49.797501
51.080002
50.525002
52.285
51.794998
52.5
52.529999
57.200001
61.887501
53.474998
52.945
49.93
50.502499
49.052502
44.959999
45.389999
43.0975
41.779999
44.452499
43.412498
38.939999
39.752499
34.220001
36.922501
37.147499
36.147499
38.91
39.285
39.529999
38.5
38.035
37.077499
36.615002
38.482498
38.8325
37.0975
86.412003
87.045998
86.764503
89.362503
90.360497
88.335999
87.327499
87.720001
87.009003
86.809502
89.542999
94.345001
94.5625
95.052498
94.970001
95.862
91.539497
93.155502
91.787003
95.067497
96.375504
103.503502
103.1185
104.900002
104.6455
104.175499
104.768997
104.794502
105.205498
106.095001
106.415497
105.860001
105.056999
103.244003
103.542999
104.758499
101.568001
101.843002
104.0755
103.792
101.335503
102.454498
105.427002
101.208504
102.635002
102.751503
105.738503
103.096001
103.324501
104.625999
104.554001
101.810997
102.160004
101.929497
102.648003
102.252998
102.218002
101.777496
102.797501
102.777
103.431503
106.887497
111.277496
111.237503
112.484001
113.272003
114.293999
112.739502
113.363503
112.741997
114.833
114.888
115.120003
114.681503
114.664497
113.396004
115.764999
116.336998
115.356003
118.995499
121.494499
120.505997
119.758499
117.712502
117.836998
119.067497
119.934502
117.083
115.438004
111.954002
113.098503
115.807999
116.070503
115.171501
115.435501
117.804497
117.254997
120.333504
120.453499
121.676498
120.125504
120.578003
121.490501
121.064003
120.230499
122.587997
123.304497
124.142502
124.57
126.080002
125.696503
126.351997
126.032997
125.696503
126.371002
125.567497
126.455002
126.999496
126.461502
127.281998
126.995003
126.819504
126.018501
125.316002
126.3685
128.718994
129.770996
130.077499
129.177002
129.574493
130.563995
130.994507
132.082504
131.266495
131.845505
129.253998
131.101501
132.600494
133.328506
137.815994
139.644501
136.796494
136.3815
136.540497
135.220993
135.989502
136.279999
136.028503
136.940002
137.035995
138.001999
138.096497
137.689499
138.389496
138.406006
138.916
137.300507
136.570007
136.913498
138.436996
141.099503
142.398499
142.949997
142.123001
144.550507
145.469498
145.462006
145.841995
144.218994
144.774994
145.518997
144.883499
144.913498
141.921005
143.464996
143.406006
145.205994
144.373505
141.463501
139.016998
139.6465
140.938507
141.826508
142.632996
141.501007
136.184006
134.520996
133.265503
136.462494
133.764999
136.177002
137.354004
139.185501
140.056
138.847504
136.712997
137.899994
141.412003
141.675003
142.960495
143.822006
142.414993
142.780502
138.625
138.772995
139.671997
146.427505
146.128998
148.270493
143.774002
145.863007
146.789993
148.682999
149.240997
149.351501
149.248505
146.626007
146.748001
149.645493
149.388
149.076004
149.061996
150.709
149.952499
147.078506
146.757004
146.717499
142.806
146.113998
142.451996
141.617996
143.776505
142.520493
143.796494
148.036499
148.720505
148.106003
148.675003
146.704498
144.970505
147.3685
144.838501
142.802994
142.401505
144.220505
146.949005
147.142502
148.063995
146.447998
146.504501
146.002502
144.679504
359.773285
362.251129
364.41684
369.831238
371.938416
369.431244
369.509216
370.504364
369.206818
366.514313
369.392151
374.504089
374.84549
373.518738
374.991882
374.406494
365.255859
368.397125
361.021942
367.031372
372.221283
372.513947
376.747803
378.230682
380.962219
380.708588
380.542725
381.157318
383.040131
382.708435
382.796265
381.167114
380.493958
377.567261
378.025787
382.191376
372.982208
371.060364
380.054962
377.089325
372.094482
367.489868
374.250397
372.387146
377.703888
380.054962
383.908386
384.425385
386.717987
386.230194
387.547211
381.908508
381.201843
384.245758
381.221405
379.283478
381.417175
387.563751
387.36795
386.34024
387.90625
392.095276
397.723083
397.48819
397.948212
399.837158
402.74408
402.8909
404.0849
402.704895
407.030945
408.391449
406.384949
403.409576
407.226685
403.507446
407.882446
408.733917
408.645874
408.528381
411.131897
408.430542
409.311401
406.786224
406.913513
410.162903
413.148102
409.056946
405.40625
396.793274
401.559753
407.725861
406.688385
403.184479
402.127411
406.453491
406.120728
410.260834
409.350555
410.162903
410.378265
411.112274
410.750214
411.396149
409.869324
413.617889
413.216644
413.304718
412.68811
414.606384
415.291565
416.221375
415.457947
413.138306
413.001312
407.429749
413.262482
415.471863
414.971069
417.425934
418.908691
419.753204
419.979034
420.33255
422.659729
425.89032
425.114594
426.617004
423.1409
427.657837
429.189667
427.726593
428.364868
426.901794
423.553314
417.298279
423.278381
426.705383
427.598907
431.998077
433.058563
431.0849
430.908112
432.695221
430.593842
429.69046
433.186218
431.05542
433.785187
434.502045
434.148529
434.688629
435.768738
437.074738
437.870117
438.901154
436.024078
431.25177
431.919525
435.356293
439.185944
439.883057
440.806152
438.203979
442.121948
444.066193
443.408295
443.643951
445.008881
444.900818
443.310089
442.77002
440.874878
437.398743
438.518188
436.151703
439.794739
439.097565
434.820251
427.569977
427.166107
431.333069
436.573761
437.292877
436.041809
427.254791
427.973877
422.743042
427.766968
422.250488
426.644012
428.417175
432.121124
431.333069
428.210327
427.15625
428.692993
435.9039
439.223663
440.523987
443.922577
445.666138
446.828552
446.36557
448.759338
449.163239
447.17334
451.488068
452.404175
453.182434
455.014648
457.792633
459.950043
461.545868
461.93988
460.413025
456.709076
456.856812
460.304657
460.46225
462.284668
461.161682
462.727997
461.900513
460.600159
461.210938
462.442291
452.128387
457.674469
448.769196
443.784637
450.581757
446.661133
451.95108
461.299591
462.521118
459.398376
463.7229
459.615082
456.452881
463.584991
459.496857
454.606476
449.772461
457.76001
462.337006
465.213715
471.797485
471.411896
472.014954
470.710083
469.523773
43.462502
44.552502
42.709999
45.794998
47.57
45.467499
45.27
46.150002
45.447498
44.342499
46.264999
49.490002
50.720001
50.259998
51.654999
51.709999
47.540001
48.240002
45.235001
48.560001
50.91
50.325001
52.105
52.650002
53.68
53.654999
53.275002
54.134998
55.055
54.595001
53.834999
53.110001
52.41
48.349998
47.919998
49.075001
43.950001
44.610001
48.5
46.174999
42.169998
40.084999
41.880001
38.299999
42.810001
42.445
45.389999
44.259998
45.674999
46.424999
47.009998
42.695
43.240002
45.544998
44.950001
42.68
42.450001
44.325001
44.299999
43.669998
45.630001
47.950001
50.830002
50.709999
51.084999
52.68
53.634998
53.424999
55.255001
53.314999
55.669998
55.904999
54.380001
53.189999
54.535
52.549999
54.529999
55.610001
54.880001
54.314999
54.860001
53.830002
52.950001
50.16
49.575001
50.66
51.900002
48
47.759998
44.125
45.055
47.985001
47.174999
46.185001
46.355
49.035
48.224998
50.639999
50.884998
51.400002
50.799999
51.294998
50.794998
51.060001
49.455002
51.990002
52.450001
52.509998
52.57
54.18
54.610001
56.139999
55.099998
54.509998
56.544998
55.195
56.205002
57.775002
57.875
58.939999
58.755001
60.834999
61.52
61.25
61.279999
63.360001
64.209999
64.620003
63.5
64.574997
65.385002
65.349998
65.705002
64.345001
62.764999
61.259998
63.279999
64.724998
66.084999
68.279999
68.565002
66.324997
67.050003
67.379997
66.370003
66.349998
67.504997
67.839996
69.114998
68.214996
68.580002
67.555
67.190002
67.889999
68.57
68.690002
66.885002
64.940002
65.864998
67.900002
70.925003
71.625
71.705002
70.489998
72.550003
74.955002
74.745003
75.154999
75.050003
75.724998
76.035004
75.254997
74.449997
72.775002
72.610001
71.985001
73.580002
73.724998
71.120003
66.745003
66.830002
68.785004
70.695
70.894997
69.184998
63.415001
62.994999
62.285
63.419998
59.52
61.810001
63.029999
64.735001
63.740002
62.325001
61.689999
63.134998
66.620003
67.855003
69.889999
71.425003
71.199997
72.474998
70.639999
72.760002
73.440002
74.019997
76.449997
77.580002
78.345001
79.389999
81.910004
84.964996
85.279999
84.93
83.18
79.535004
80.18
82.724998
82.699997
84.410004
84.510002
87.095001
88.57
85.5
84.334999
85.114998
80.419998
85.415001
81.745003
77.550003
79.010002
75.040001
76.794998
83.720001
84.885002
81.220001
83.735001
80.135002
77.75
82.894997
76.57
75.400002
73.144997
78.035004
80.82
82.739998
86.695
85.675003
85.540001
84.739998
83.165001
243.256668
245.036667
251.993332
272.013336
293.339996
270.396667
283.146667
284.803345
281.666656
275.386658
281.516663
283.483337
281.66333
282.213318
293.600006
294.363342
288.053345
278.476654
264.51001
279.936676
290.929993
284.896667
283.329987
284.07666
287.806671
283.15332
268.273346
270.553345
272.040009
265.406677
266.049988
262.459991
260.433319
238.166672
232.946671
247.339996
227.406662
225.166672
239.476669
228.813339
217.733337
207.146667
199.316666
187.666672
224.526672
222.686661
233.199997
231.243332
235.979996
225.626663
233.936661
217.720001
218.289993
223.333328
220.720001
210.089996
213.463333
206.236664
203.763336
211.873337
222.643326
220.583328
230.350006
230.539993
223.656662
227.933334
225.67334
233.993332
254.106674
244.07666
246.28334
246.593338
238.210007
239.66333
248.039993
239.896667
243.133331
246.066666
234.91333
231.46666
225.666672
236.479996
228.300003
224.53334
223.646667
221.179993
224.123337
209.679993
205.733337
196.630005
190.563339
196.580002
192.276672
192.623337
187.820007
195.593338
193.626663
202.146667
201.563339
206.376663
210.28334
208.406662
207.96666
201.706665
190.946671
199.683334
201.710007
201.196671
199.593338
203.373337
203.296661
205.896667
199.786667
201.623337
205.53334
207.770004
206.943329
207.903336
218.856674
226.606674
223.956665
229.573334
226.919998
226.566666
225.973328
226.300003
219.860001
214.883331
217.603333
218.983337
228.566666
222.846664
217.793335
216.866669
214.740005
215.406662
220.166672
218.429993
216.419998
214.460007
219.206665
214.926666
215.660004
225.78334
229.066666
236.556671
236.580002
236.973328
238.210007
233.03334
237.919998
236.66333
235.940002
240.75
239.056671
228.723328
221.903336
229.66333
224.490005
226.753326
235.433334
236.16333
237.066666
233.720001
237.306671
243.636673
245.240005
244.696671
244.130005
244.523331
250.973328
251.289993
251.619995
245.42334
247.666672
248.16333
251.943329
252.330002
253.16333
243.389999
246.460007
250.646667
251.213333
258.130005
263.786682
259.186676
260.436676
258.493347
258.406677
260.51001
260.196655
260.916656
264.536682
261.829987
263.980011
268.573334
270.359985
272.773346
281.01001
290.036682
288.089996
288.600006
298
303.226654
341.619995
339.476654
345.953339
359.013336
371.333344
402.863342
390.666656
404.619995
409.970001
407.363342
387.646667
341.166656
355.983337
354.503326
344.473328
337.796661
351.57666
363.003326
365.459991
379.019989
385.623322
369.676666
372
360.640015
378.996674
381.58667
365
361.533325
338.323334
336.33667
350.583344
356.320007
334.600006
339.01001
322.136658
319.503326
325.329987
308.973328
310.856659
299.980011
312.843323
336.290009
355.666656
364.646667
362.823334
362.063324
356.779999
352.26001
19.950001
19.66
20.889999
22.790001
24.08
23.030001
24.620001
23.959999
24.66
23.08
21.139999
20.33
20.5
20.58
20.459999
20.23
19.33
19.799999
18.889999
19.889999
19.379999
19.879999
19.549999
19.76
19.940001
19.360001
18.51
18.049999
17.809999
17.959999
18.200001
19.09
18.799999
19.030001
18.809999
19.299999
17.370001
17
16.950001
16.15
15.33
14.92
14.74
14.64
15.07
15.2
16.15
16.559999
15.71
15.96
15.89
14.66
14.46
14.35
14.62
13.76
13.76
13.92
13.8
13.59
14.32
14.55
14.99
14.38
13.84
13.78
13.99
13.83
13.64
13.79
13.31
13.39
12.83
12.4
12.81
12.3
12.65
12.7
12.45
12.53
12.17
11.98
11.64
11.16
10.7
10.62
10.6
10.31
10.96
11.13
11.72
14.01
13.05
13.51
13.3
13.97
13.46
13.27
13.87
14.52
14.27
13.91
14.07
13.83
14.79
13.92
15.15
16.040001
14.79
14.61
14.43
14.4
14.45
14.52
15.24
14.48
14.7
14.7
14.47
13.9
13.38
13.02
13.16
13.2
13.36
13.01
12.68
12.78
12.37
12.54
12.88
12.59
12.25
12.06
12.13
12.2
12.72
13.12
12.8
12.69
12.35
12.44
12.55
12.57
12.27
12.31
12.43
12.86
12.6
13.07
12.84
12.87
12.6
12.58
11.91
11.29
11
10.7
10.64
11.18
11.5
11.67
11.7
11.54
11.8
11.76
12.2
12.79
12.98
13.08
12.76
12.43
12.28
12.09
12.3
11.66
11.05
10.99
11.29
10.95
10.71
11.04
11.12
10.27
10.07
9.62
9.16
9.45
9.57
9.53
9.35
8.27
9.02
8.87
8.64
8.62
8.73
8.9
8.52
8.56
9.43
9.08
9
8.75
8.56
8.58
8.72
8.87
9.07
9.81
9.7
9.9
9.7
9.95
9.73
10.12
9.43
9.44
9.76
11.4
12.52
12.54
12.19
11.91
11.68
11.22
11.05
10.47
11
10.54
10.05
10.44
10.16
10.46
10.49
10.79
10.2
10.04
9.03
8.47
8.92
8.65
9.7
9.61
9.82
9.97
10.26
10.1
9.91
9.8
9.81
9.78
